0
4
7
9
12
14
17
19
22
24
27
29
32
34
37
39
42
44
47
49
52
54
57
59
62
64
67
69
72
74
77
79
82
84
87
89
92
94
97
99
102
104
107
109
112
114
117
119
122
124
127
129
132
134
137
139
142
144
147
149
152
154
157
159
162
164
167
169
172
174
177
179
182
184
187
189
192
194
197
199
202
204
207
209
212
214
217
219
222
224
227
229
232
234
237
239
242
244
247
249
252
254
257
259
262
264
267
269
272
274
277
279
282
284
287
289
292
294
297
299
302
304
307
309
312
314
317
319
322
324
327
329
332
334
337
340
342
345
347
350
352
355
357
360
362
365
367
370
372
375
377
380
382
385
387
390
392
395
397
400
402
405
407
410
412
415
417
420
422
425
427
430
432
435
437
440
442
445
447
450
452
455
457
460
462
465
467
470
472
475
477
480
482
485
487
490
492
495
497
500
502
505
507
510
512
515
517
520
522
525
527
530
532
535
537
540
542
545
547
550
